1	0.2070447239964751
2	0.1887369166327223
3	0.10025996516268958
4	0.0908075768159444
5	0.18822611207615786
6	0.08502320152954682
7	0.08180842217164809
8	0.07386331180815359
9	0.09193497326821148
10	0.06241826170042489
11	0.06010955739339534
12	0.061013474263229714
13	0.06318203181109008
14	0.0698211184902968
15	0.06623960353877299
16	0.06688437059820806
17	0.06363354020388426
18	0.12724956498398154
19	0.060359647615463884
20	0.06880702717759934
21	0.06217736415117368
22	0.06381348129373213
23	0.09724038989942757
24	0.07189969203556705
25	0.061186384967250894
26	0.05922338488621132
27	0.08607685392971888
28	0.07115891455302652
29	0.06466902647638371
30	0.07072667267255288
31	0.0681368674938248
32	0.12425964580720439
33	0.07694549779868458
34	0.0812347809273275
35	0.149225975096818
36	0.06219137154444902
37	0.05630652063343417
38	0.0979524329339937
39	0.0748173892289615
40	0.05961619284454328
41	0.05586348585270544
42	0.06332750614955797
43	0.05777963809790121
44	0.05491390005803705
45	0.08321308062761379
46	0.06429302953312382
47	0.10138484541426969
48	0.09634371286184301
49	0.06472834394383024
50	0.05824234211665509
51	0.05465074906818054
52	0.06764574512428094
53	0.06377940484598768
54	0.0645324511646488
55	0.07074785055592958
56	0.06657968163952778
57	0.056358122161148765
58	0.05424544111606226
59	0.058349087676514824
60	0.0548768795403774
61	0.05808276084184123
62	0.055621828360254755
63	0.06789402059104231
64	0.04401845937577618
65	0.046040633385534095
66	0.049410686712876496
67	0.030520251422914316
68	0.039870153330016485
69	0.031085784970629103
70	0.01741824336608133
71	0.021090778167946987
72	0.033618190437239265
73	0.010382234330799737
74	0.020883809684317446
75	0.02326918362375792
76	0.01419881514610968
77	0.0279819511662193
78	0.02335765786336143
79	0.0203736400221283
80	0.024803513589052414
81	0.019152434003845725
82	0.020149280673312918
83	0.019145745959676462
84	0.06856943634734472
85	0.01983564360842742
86	0.018141423521413243
87	0.014868726311845472
88	0.009989815281336308
89	0.01325638832863148
90	0.027086382501849474
91	0.012197266813165518
92	0.010513632416557723
93	0.014440353698926735
94	0.019642913456924885
95	0.022474675922720806
96	0.013271722508314734
97	0.03372910765615075
98	0.01836130654775086
99	0.01880207791562016
100	0.02509813863925412
101	0.015716613371367087
102	0.018432092671205543
103	0.012381986311752701
104	0.031990447413530985
105	0.011401809897549011
106	0.015212848416235809
107	0.014732485969883342
108	0.025763544815294304
109	0.041690856096208144
110	0.011386866190959181
111	0.01424257563355976
112	0.018567527366258017
113	0.019432775504585647
114	0.022623351723058037
115	0.023764103248208913
116	0.022779751449803314
117	0.01731203130327471
118	0.015168349659453975
119	0.033494639774817064
120	0.013410509428491035
121	0.01471584845156683
122	0.019947953745626506
123	0.047695034663548845
124	0.013065481989390478
125	0.014667926843226688
126	0.022555755432495314
127	0.01699942820505299
128	0.03670486577382278
129	0.01504505861163732
130	0.016064872063527837
131	0.012369374523907788
132	0.02071886140690972
133	0.02489338478328544
134	0.03238028389187473
135	0.010430047322946974
136	0.014669854267508902
137	0.015337693281817171
138	0.01624775857122551
139	0.03440068458314488
140	0.013759167729955479
141	0.010788253376229366
142	0.010945927966854492
143	0.010607367864396597
144	0.05594117909879208
145	0.009362518432781481
146	0.01375380431844371
147	0.017528112510121638
148	0.01606581344053979
149	0.016682456219848516
150	0.008666384028408088
151	0.03484198998596733
152	0.01893689039474349
153	0.021887270992026222
154	0.01878159332938978
155	0.012268701321083072
156	0.013927018013787495
157	0.008920668671959047
158	0.015297264677243206
159	0.014067624767990275
160	0.013113532573108051
161	0.014719834763942969
162	0.02480134676155974
163	0.011250297188073808
164	0.011331685303229777
165	0.0181528269410447
166	0.021784480687499587
167	0.03985658521679849
168	0.01184716733315421
169	0.00918993939954536
170	0.010619423992663668
171	0.023878342008628962
172	0.012353695442269426
173	0.014738352751225243
174	0.02358839032261328
175	0.01685865316795996
176	0.01461025750561409
177	0.01627479535481889
178	0.013205123475865256
179	0.012491474851894599
180	0.012582653755815769
181	0.03239330074843127
182	0.00862050770074229
183	0.042580933089628015
184	0.03836107424223159
185	0.020254430947129917
186	0.015780688225114407
187	0.018101904592776066
188	0.00922865440970196
189	0.009182070426817387
190	0.00872716465260253
191	0.015686154125029602
192	0.011233242093124833
193	0.010875669765162785
194	0.02874648618771149
195	0.02261159164522368
196	0.009587131418898496
197	0.012287530142772639
198	0.010694044533345031
199	0.024297716841722536
200	0.009324597538502717
201	0.010372048459527206
202	0.01703778291981463
203	0.0300568566508103
204	0.033224844936222825
205	0.009237217649878348
206	0.015194024941144682
207	0.019529984090825157
208	0.030057344644101293
209	0.017948117078045965
210	0.040972971201449535
211	0.008662549246326935
212	0.017013314467838457
213	0.013207536815868526
214	0.016667904442469475
215	0.013956766751332695
216	0.011318745606083864
217	0.019123010245495165
218	0.02650678314723166
219	0.01660635782310942
220	0.009194562261395735
221	0.031226431541815182
222	0.011741563225418054
223	0.02096411517707316
224	0.013498316766457165
225	0.09304867714042614
226	0.02207121049752343
227	0.020537710693762493
228	0.03762587891574863
229	0.007391765118890893
230	0.017885181903164574
231	0.013577281250763159
232	0.06116475529537829
233	0.024190716653422154
234	0.01816886179698971
235	0.01853304335957672
236	0.014441516138050538
237	0.01565959237420604
238	0.0212081561668457
239	0.011797862415977139
240	0.017646502172839765
241	0.012889422022880287
242	0.044662396810641505
243	0.018918931174082155
244	0.02467284486909425
245	0.010221492377051005
246	0.0274536823698084
247	0.010043764134709761
248	0.018125184846196955
249	0.023351853059816925
250	0.012738512127509056
251	0.010555954818652078
252	0.020673279509771148
253	0.014034413188171032
254	0.016645803344215233
255	0.013014178171454076
256	0.01611565552610955
257	0.013057166646897187
258	0.013328466257773086
259	0.01081473776981304
260	0.012207568322786138
261	0.016762218058980063
262	0.023262014586645376
263	0.017413130166978475
264	0.018513190854585474
265	0.012536400663147514
266	0.010703034574390653
267	0.013638085137323223
268	0.008219003477746064
269	0.011198273193325354
270	0.018379370046742213
271	0.014265106520423789
272	0.012925204866984034
273	0.01565271188836775
274	0.018599669670025652
275	0.010641743835908055
276	0.010528208108042019
277	0.03258327725050863
278	0.012628471834380404
279	0.013456246172163025
280	0.022292426891827626
281	0.016601090877158584
282	0.010913740281659702
283	0.013290359990341772
284	0.010954469090233409
285	0.010122783771017347
286	0.0101169035740952
287	0.030649425787717722
288	0.017698110032696515
289	0.01862778869254127
290	0.009305678829285029
291	0.009296212623331529
292	0.014429808945451972
293	0.019783470844659534
294	0.009026364258338911
295	0.021421800271436253
296	0.02538538561911877
297	0.008864305509207025
298	0.010136886174609639
299	0.013271564398179201
300	0.015296395102047613
301	0.016729161896534183
302	0.014777831189959045
303	0.014184869181356134
304	0.01667570600946128
305	0.009094705298646597
306	0.012343995235768077
307	0.010787022321703704
308	0.01116338657599223
309	0.019265036495971968
310	0.01596811684187567
311	0.008583466960282476
312	0.031482390724915724
313	0.008381179273965145
314	0.013177236446493846
315	0.010762894151453834
316	0.008930975466995176
317	0.05778987207295165
318	0.008952462665801113
319	0.010395155360811585
320	0.01250411564126301
321	0.010595760813358876
322	0.011489516222080814
323	0.01872640082523368
324	0.008993754729157451
325	0.00931860564051425
326	0.010780257430100392
327	0.009415201218550778
328	0.01611532773358656
329	0.009194935136225168
330	0.02396363179723823
331	0.012551932819701515
332	0.018264314658112905
333	0.012894377526932337
334	0.012979906835268229
335	0.03357738105095447
336	0.009544209000482255
337	0.018129120854201226
338	0.013964783269431357
339	0.01972652321372194
340	0.026833061447417438
341	0.010256561320701397
342	0.018360778569256265
343	0.023080014171813663
344	0.008269581402768497
345	0.014134587388768806
346	0.01086420640251212
347	0.038959958822092494
348	0.030135373842593426
349	0.011210120684308466
350	0.011206033346348412
351	0.017444730517199587
352	0.03382511753078145
353	0.04551501937182254
354	0.01016868428409023
355	0.02195553242713387
356	0.010058986190189969
357	0.02396608095563281
358	0.015019532507625727
359	0.019114259815482107
360	0.04886327271325081
361	0.04091689981884006
362	0.02775864012415928
363	0.02610529034388083
364	0.012509732713993343
365	0.015322226367960904
366	0.017106959324042728
367	0.007809467177597186
368	0.010844244503319228
369	0.007176673351319134
370	0.012516150222085758
371	0.014446955850919527
372	0.012020033913865935
373	0.010867372883033915
374	0.01138926845325399
375	0.02188704132585233
376	0.016385378741588977
377	0.028853407685863437
378	0.00962084910590402
379	0.01747751509236989
380	0.018970269154615374
381	0.014108090271556342
382	0.01380717961277827
383	0.011895786310092497
384	0.01706834204896109
385	0.01964624655321854
386	0.02787721815304495
387	0.012761390456078145
388	0.015041229695269337
389	0.014982583543967913
390	0.010592645891172188
391	0.016513922297280527
392	0.025420935993737917
393	0.021349796557030856
394	0.01386263165933686
395	0.014102168100259875
396	0.00805154359818972
397	0.01462865974846131
398	0.010635234046895013
399	0.010697006828866753
400	0.013867244537538816
401	0.01770787499667817
402	0.01384766557116476
403	0.00926911133020857
404	0.01943465215245318
405	0.02761515857995496
406	0.015074280615851294
407	0.009259863741178308
408	0.008596054946929164
409	0.013008310344734788
410	0.014681887603570094
411	0.026065842195789512
412	0.027021446572558384
413	0.01614339747828709
414	0.011908362660686553
415	0.010238107553966126
416	0.012639829802060201
417	0.015396540623444593
418	0.012741818768691751
419	0.01755566377648473
420	0.010729541530038949
421	0.017053409945609197
422	0.028597619166028498
423	0.009823364018283872
424	0.021315911041939514
425	0.009568900077191888
426	0.01804366831612198
427	0.011186178101797235
428	0.02698539979474
429	0.011922703440096837
430	0.0169974640360765
431	0.015862816652138793
432	0.01410268200541499
433	0.02903814442896115
434	0.03518061358697934
435	0.01223874616629708
436	0.008367226768423285
437	0.011386661056262492
438	0.012907652760114002
439	0.020459221814499894
440	0.010612066002136737
441	0.00834266643576799
442	0.017219242194922952
443	0.030132934831856938
444	0.043530034388068614
445	0.010334660471552013
446	0.013500817912369097
447	0.02220745243567162
448	0.00660441836494263
449	0.0323052102314132
450	0.01243457725982109
451	0.016500888255594977
452	0.014604863634366113
453	0.013777768898742557
454	0.022428675812190758
455	0.015825127378694733
456	0.010002185181775093
457	0.05350582698034935
458	0.030890117606945763
459	0.016350060911220095
460	0.029236383649517864
461	0.026490057117969642
462	0.009268438235205147
463	0.01126339306936785
464	0.014599812633781463
465	0.008061671478445444
466	0.018802828216897896
467	0.008250173122302574
468	0.0148155371808029
469	0.012442672382456913
470	0.01707697596147595
471	0.013261477524762593
472	0.012897630798577612
473	0.008978078552736662
474	0.015533147911275707
475	0.009172597714967829
476	0.0221665980739401
477	0.014288704865368934
478	0.012213736182328452
479	0.008341172400403466
480	0.03153931757310975
481	0.016031301476605888
482	0.017829444990521113
483	0.009339674580847715
484	0.011687639190489962
485	0.011377251183754293
486	0.014441468386041217
487	0.009515635233916827
488	0.01411608535172453
489	0.009703317642655697
490	0.008398130494373657
491	0.013209652013091726
492	0.022022681194984215
493	0.008193562650379415
494	0.008940648671558284
495	0.009235455621847579
496	0.011602572576332308
497	0.011611330995537454
498	0.010065994282361122
499	0.011337959908449997
500	0.008682295949899345
501	0.012815932078673133
502	0.017389918913979615
503	0.011627735206266403
504	0.01750482362960014
505	0.008152912647917626
506	0.009884404773493123
507	0.008205908593271008
508	0.007881003702262529
509	0.007931613690135007
510	0.02548415795991422
511	0.008335870528493723
512	0.023042744158065523
513	0.018795719654032123
514	0.009820523720463747
515	0.012881966338232742
516	0.010066605071033246
517	0.012118590617570126
518	0.012096862274772054
519	0.01052846326577175
520	0.011367097689404162
521	0.017122470334523063
522	0.009210890750994872
523	0.018050366502648588
524	0.03370085012869117
525	0.006155392735252368
526	0.01474708414714166
527	0.01581410122041689
528	0.02485803578706438
529	0.011291574984243958
530	0.016478003034852865
531	0.0085496872959187
532	0.007698560508884504
533	0.013246911854346066
534	0.016393714397038937
535	0.02685767184128167
536	0.012514352891542714
537	0.019232967024472795
538	0.010628237420146451
539	0.011822173783376884
540	0.023486864209654137
541	0.009871952653261998
542	0.016335133563018654
543	0.013961425499592848
544	0.009516694842722146
545	0.01827096416693696
546	0.029761565673387037
547	0.011475649727506546
548	0.016013656729040305
549	0.008922040280928377
550	0.012245472347432068
551	0.016379709925924295
552	0.011770114433497509
553	0.014184826240513442
554	0.015863147457618354
555	0.008988094502529778
556	0.007739646204167384
557	0.013307686952770568
558	0.014285953953811215
559	0.00837352763535371
560	0.011281879435593533
561	0.006627385883991661
562	0.00687892125537934
563	0.010567487205065675
564	0.010336710265007978
565	0.010957222327509444
566	0.011457515433341336
567	0.01423667257294604
568	0.03797987118570023
569	0.026733506374539976
570	0.01720367707326411
571	0.013165245687661458
572	0.01770193644663989
573	0.008794534534538084
574	0.009709028025089805
575	0.008072000698854956
576	0.010182441394526955
577	0.013900137473648409
578	0.013291886772262179
579	0.021187689481598816
580	0.010618745364705135
581	0.01572614764772409
582	0.009130760561940203
583	0.009747419967309705
584	0.017568943291431355
585	0.015879987478844778
586	0.010124009565401628
587	0.01204967204851432
588	0.013257274350155373
589	0.011966172612218202
590	0.015745314269596845
591	0.01039578232811164
592	0.025366176076493357
593	0.013300352719636246
594	0.010153050146443894
595	0.007265734269638945
596	0.011696255846902403
597	0.016466429971871876
598	0.014982919946887129
599	0.019746203101714533
600	0.015868035093534686
601	0.00853166009413032
602	0.038484482728740776
603	0.015869827355969087
604	0.010460422947105008
605	0.018714215715459212
606	0.01601130218257835
607	0.02424915017184554
608	0.009909779525049189
609	0.010250109875096523
610	0.010283844623918964
611	0.01406612819818512
612	0.009775630113353822
613	0.035316206110712095
614	0.035598746087185
615	0.014369153920966816
616	0.008888520008805828
617	0.010338153819197138
618	0.008314072735815352
619	0.014158215461242843
620	0.016251153092071632
621	0.02688750615856762
622	0.030775728485095796
623	0.03455042702827743
624	0.05069263041532112
625	0.015652514375695453
626	0.017839318762662978
627	0.02464509412831701
628	0.008664109083276618
629	0.011231893909582513
630	0.02413251338719381
631	0.01147990683988357
632	0.014384121301384771
633	0.010000008648316638
634	0.010816226614629302
635	0.021312150785302898
636	0.01784581059389277
637	0.01893241262118328
638	0.00866618981623581
639	0.009167568951031045
640	0.015767329115368756
641	0.009186459942103877
642	0.008266030420534221
643	0.012197566044619332
644	0.012068921112147633
645	0.014660744298690121
646	0.007790982045976285
647	0.007082021278594872
648	0.012134787508492315
649	0.010125570134126087
650	0.016872441640793684
651	0.0072583055276030616
652	0.009027435124617102
653	0.009293362415416166
654	0.020188751650116455
655	0.009369893146386062
656	0.014110447961401146
657	0.011239222418607087
658	0.011562769013213346
659	0.018236247470600583
660	0.013122697142929964
661	0.008820377575066604
662	0.018711607063490326
663	0.011850736412561782
664	0.042586779783021195
665	0.01892624204255443
666	0.05094402196556556
667	0.02334411476026439
668	0.017720261349116938
669	0.011835288010501656
670	0.012106018813784562
671	0.00838096873506432
672	0.014405967041279402
673	0.009835613288303536
674	0.02058314355908923
675	0.012485411026543025
676	0.007641717598544013
677	0.012521993661730594
678	0.008160191057156884
679	0.012334934028775344
680	0.012458157599277184
681	0.015952077299256583
682	0.009117469368226397
683	0.007578466369408299
684	0.01903035452182379
685	0.050286867441299045
686	0.009247442444347338
687	0.023468360240440675
688	0.009276089024621365
689	0.010073193583148076
690	0.01702909548550918
691	0.01792879605282325
692	0.01087046595034595
693	0.012636891967320119
694	0.016743619942357017
695	0.010776841281485967
696	0.010961709728174058
697	0.008418295174170412
698	0.019182649591977505
699	0.03360522964473913
700	0.016201029332746378
701	0.011137132688990262
702	0.021570104370868908
703	0.009464839146986322
704	0.01398260224529477
705	0.010901410595034697
706	0.011952756296432743
707	0.014191419643810243
708	0.01966757956096673
709	0.037145096661413746
710	0.014974793348943558
711	0.015964605625194292
712	0.009927242620989676
713	0.008942002662689253
714	0.009465768910414351
715	0.00897952587450874
716	0.02667899586841766
717	0.01015707204551185
718	0.03159462499212298
719	0.013128230058638496
720	0.02483886110337745
721	0.020555077672764613
722	0.00917242880819898
723	0.00630684971139225
724	0.012576509875820773
725	0.020037880528631664
726	0.011076740796890616
727	0.015033720535723064
728	0.011189173680582804
729	0.008021203654338165
730	0.012157365432152942
731	0.012657482999171831
732	0.01092017904360458
733	0.007472486171975146
734	0.009792995166622992
735	0.012072507868535792
736	0.020865488886642743
737	0.008029695871568118
738	0.018410107637200485
739	0.013810444284000944
740	0.017413044030254433
741	0.008903672488327468
742	0.007777082884692803
743	0.019161193750269267
744	0.006663064942207192
745	0.011832786894878308
746	0.009430258757635247
747	0.014556131556971708
748	0.010152529695004882
749	0.00930020264104019
750	0.007587312201611626
751	0.015704514535495758
752	0.0093109991017705
753	0.017240362835980433
754	0.031840452801108234
755	0.012766014666711498
756	0.010293260893028709
757	0.016081527159715638
758	0.010211484224875429
759	0.00856161278890919
760	0.012735442401890758
761	0.01732925777877148
762	0.01029124528724946
763	0.020434089254752607
764	0.012310623166050366
765	0.007972483237115129
766	0.015407224833849358
767	0.01580633751903626
768	0.019885533564832733
769	0.017748953646397433
770	0.010463746240418528
771	0.00940456481792005
772	0.014194644684481998
773	0.010842520852408936
774	0.00915872716295697
775	0.01367570066880122
776	0.014036365085574536
777	0.0084413548927757
778	0.009242574746938513
779	0.010909946520298985
780	0.01578540278897638
781	0.012770371118859534
782	0.009874240426934727
783	0.023828881597878434
784	0.016049417665273815
785	0.011280677737207196
786	0.014881838233767496
787	0.010888790296099899
788	0.023220422515079244
789	0.01899813791986572
790	0.019822728116492848
791	0.009160482352502466
792	0.008815857493473179
793	0.012104263191649721
794	0.013955156140088843
795	0.015340456595277665
796	0.008936619940719865
797	0.007701367969332898
798	0.027510474978926135
799	0.0125178527458241
800	0.017665066726426367
801	0.008264243849470209
802	0.011706549276468317
803	0.011654886918261609
804	0.011646418745944973
805	0.017399637458557615
806	0.011592971636550233
807	0.02926931265640297
808	0.010410568856083465
809	0.010878779321548626
810	0.011895640540406725
811	0.016733654819519984
812	0.023845878998746413
813	0.019873490269356926
814	0.010052850513558307
815	0.020947440316706964
816	0.032592008507085796
817	0.015557128169435608
818	0.017824729107987138
819	0.029654821310384598
820	0.009390174246233266
821	0.013047356599150694
822	0.025815124706547093
823	0.009304926209426509
824	0.029225970089571507
825	0.014358172809993028
826	0.01641235948495725
827	0.007694083609285921
828	0.014164906376146423
829	0.01085235089434862
830	0.00857259634506475
831	0.010407683847759187
832	0.017040786345680143
833	0.014204237337225391
834	0.042238139669628805
835	0.014541182886089679
836	0.009602689501530745
837	0.012005854765046368
838	0.01278507886939226
839	0.029167395476919215
840	0.007110104847897544
841	0.02417946321853759
842	0.014049439485717375
843	0.019172026086647947
844	0.007364656299109095
845	0.027688867290871104
846	0.018743742851591198
847	0.016278715550995745
848	0.010787319731034044
849	0.011618582160832924
850	0.011513817658832663
851	0.010937641876159358
852	0.012349848063075932
853	0.016497222890711913
854	0.013585870919761654
855	0.011839788750457731
856	0.011731686553314276
857	0.012365666700847149
858	0.01950227783802184
859	0.011299736980275048
860	0.009369005059339925
861	0.010544033071085989
862	0.013278687467309626
863	0.010520530166089575
864	0.02919568439549197
865	0.019102146788084046
866	0.025480935338996726
867	0.016467803715472414
868	0.01085305388893544
869	0.008674650102135625
870	0.006653979123231197
871	0.007663902869621862
872	0.008537431956719717
873	0.015426418320396767
874	0.007740864241753662
875	0.008919409523238664
876	0.010042671245612618
877	0.009062600754224102
878	0.01033567670004247
879	0.017091937573632053
880	0.009149632936059448
881	0.012715697743651833
882	0.01338575480206249
883	0.008701444063689324
884	0.02567675411686164
885	0.02012523699033884
886	0.011425146884826393
887	0.0166068005565313
888	0.007396605319814597
889	0.011684339283389729
890	0.012277948281870996
891	0.019920917848595423
892	0.008723364596164643
893	0.012029859100743839
894	0.021425629802283214
895	0.01390395216589136
896	0.010827897494712675
897	0.009802294879830928
898	0.009916021442307082
899	0.007506058838831997
900	0.013885117625785154
901	0.014924547617159221
902	0.015201889738676358
903	0.029710515883619427
904	0.011190957592483541
905	0.014657733774172108
906	0.008972151314920504
907	0.010115895672399997
908	0.008658579855907006
909	0.023107036487889695
910	0.04365866431660263
911	0.013428252972904491
912	0.01992421447464897
913	0.014764841726029678
914	0.010718744030126022
915	0.012170053876871905
916	0.019382345153182216
917	0.00962085743148536
918	0.024342274978745033
919	0.01264873998022401
920	0.011632182806842941
921	0.01026588897520957
922	0.011230140063137217
923	0.010061260226647682
924	0.013235088717818994
925	0.012415861433082438
926	0.02201091061709195
927	0.01127135489721661
928	0.01903863752081779
929	0.01809763111090953
930	0.015724903614227678
931	0.01934183687539315
932	0.006856301733284652
933	0.007728997437306195
934	0.013230896887638876
935	0.009719646580352348
936	0.015296999242188263
937	0.02784431184650804
938	0.011871035127542142
939	0.019689614826530404
940	0.015752657747890687
941	0.015849407561862486
942	0.025858148403677336
943	0.013229022076953567
944	0.009533039967855515
945	0.025197593661527677
946	0.013201605143003819
947	0.010756292009990676
948	0.00928896870768577
949	0.025859159999942732
950	0.017659236837725308
951	0.013839451256810076
952	0.008322949818026849
953	0.010993559708875387
954	0.009617206193116496
955	0.021759586854015068
956	0.012818572051165385
957	0.00904883783273963
958	0.011450244774008906
959	0.01023910363879831
960	0.008173747277156244
961	0.011754319698834566
962	0.01030754430991121
963	0.015385753231880761
964	0.009816834136464378
965	0.01157137541732349
966	0.011489236632850537
967	0.043183724621808056
968	0.011860735960443932
969	0.009742374013568329
970	0.012369926089985033
971	0.012392219122103955
972	0.023774818413410004
973	0.00750527216969935
974	0.010278799729111006
975	0.008610591174851459
976	0.023218019017685578
977	0.011402940138853677
978	0.011835387632530201
979	0.0060553177188825335
980	0.01352305628214104
981	0.0189671742547522
982	0.023830600724198986
983	0.007655714219656627
984	0.017484228822282098
985	0.00824168928570219
986	0.015047202165101515
987	0.00897764052825362
988	0.007995909007807634
989	0.01430612541374057
990	0.008738397154823057
991	0.01136940203132164
992	0.006998501689188759
993	0.017109278039332095
994	0.015307408151542983
995	0.010189641870456425
996	0.030898183229705375
997	0.02020127811851498
998	0.0070969337407032
999	0.007282716969602493
1000	0.00705688225964535
