1	0.15540047929943562
2	0.10078216382820487
3	0.09463843404614451
4	0.08808523576883923
5	0.078770489180534
6	0.07731226339068555
7	0.08318306796170301
8	0.08024746297834273
9	0.08202606986189959
10	0.06618175543379624
11	0.06449833630104243
12	0.08085061990438693
13	0.09640097272048727
14	0.07283916167067234
15	0.08234134499806775
16	0.06177211051370415
17	0.04770807278154926
18	0.04514381130252128
19	0.06758198014599763
20	0.044533822183559585
21	0.06926229794938474
22	0.04646316585740195
23	0.03952164020998884
24	0.035994641912341675
25	0.051013068513366164
26	0.031056334766817642
27	0.03417419555084513
28	0.027654790134286053
29	0.02919429985671844
30	0.02897005834044229
31	0.02707799865007305
32	0.017971016449320237
33	0.018133535549898473
34	0.014921883725390479
35	0.015419413072188096
36	0.011730619803564579
37	0.012701531009848152
38	0.02907990369417153
39	0.008647173984212076
40	0.013052686597867342
41	0.007896448561649769
42	0.011785586126884793
43	0.01343051453110824
44	0.00837608728958295
45	0.007930470505046847
46	0.008086452556247
47	0.007888751165537592
48	0.007607676079953281
49	0.009265190376797836
50	0.010141822048153806
51	0.012015569815661858
52	0.011054070769787785
53	0.009135605833895095
54	0.015532162511151677
55	0.007401539506617439
56	0.015330446988715806
57	0.009171733486646022
58	0.008363761557974452
59	0.017008098699641972
60	0.008217644391831133
61	0.018496591641662743
62	0.007205836637216071
63	0.012608369392947667
64	0.006778947732711021
65	0.012389635497193486
66	0.008334129742835095
67	0.013062360872752442
68	0.005488327679146263
69	0.010224754912189769
70	0.009868734597403228
71	0.010099662128127206
72	0.009552162314843054
73	0.01314102143452021
74	0.00687190472966499
75	0.01357620266144163
76	0.006867604039799976
77	0.007899288313389674
78	0.006877267351963481
79	0.008591003501518977
80	0.00819968581183779
81	0.007685479770578979
82	0.016635747496198568
83	0.009432068025266574
84	0.01004897113801239
85	0.0065168515932881345
86	0.0062759139198996575
87	0.007747315288151417
88	0.00876275393023902
89	0.00970420241422277
90	0.0058118822619923115
91	0.007027477320032563
92	0.009109871755470874
93	0.010940108038475525
94	0.005939636130921156
95	0.0058507585666270154
96	0.005639030480431184
97	0.006681498641041167
98	0.007337510680383472
99	0.009895114824217333
100	0.006837689007970871
101	0.012035315397300059
102	0.005334125306588599
103	0.005918462412377777
104	0.019802917522108686
105	0.008372955649354766
106	0.0058084881567626355
107	0.006592189724146721
108	0.005889478824023348
109	0.006036911251429595
110	0.006775744484691509
111	0.005237087734965545
112	0.009967297232021695
113	0.010729018491418775
114	0.005291132109496757
115	0.0074645751950763815
116	0.005559211960421452
117	0.012619356975892317
118	0.006792491514989273
119	0.007284923770827853
120	0.008361292354049803
121	0.005639360539038395
122	0.006925750288074601
123	0.005352688087227895
124	0.0049761237034894835
125	0.012836715501961533
126	0.008722114738550136
127	0.004631057269820615
128	0.005295955215041805
129	0.006577392762341625
130	0.008312544894728413
131	0.004678947211740238
132	0.007594614604391658
133	0.009182999465629055
134	0.008073914019620355
135	0.005397855563055019
136	0.008455032388018546
137	0.008465913150806552
138	0.007263179331422692
139	0.009298843234946019
140	0.008851917214126755
141	0.009566160613537768
142	0.006654986022523382
143	0.008323642784135067
144	0.005045208903959474
145	0.00650533064121719
146	0.0068717554612782285
147	0.004995695587052524
148	0.00750047754155317
149	0.014096195965740884
150	0.008185052308414483
151	0.0061814299539353365
152	0.012724574369722958
153	0.005413341430949268
154	0.005481477364668007
155	0.007216272585078442
156	0.020419643121147097
157	0.007218877163475099
158	0.008949673568967335
159	0.006793390681737239
160	0.010464931077950679
161	0.008609097426584838
162	0.00732766515087663
163	0.008568020232392807
164	0.007331994638679656
165	0.006862044668783985
166	0.016968332859099385
167	0.007235868883574911
168	0.016073514233646773
169	0.006790734992648155
170	0.00546869697906651
171	0.007692486357528909
172	0.008877398050247167
173	0.005715712038338745
174	0.008219202450146271
175	0.012861364659324968
176	0.006518757978565924
177	0.009192583817735783
178	0.007056763825748827
179	0.010425796467931032
180	0.007971975759578566
181	0.007016082300472989
182	0.009245829383655767
183	0.008500389027383244
184	0.007390315838753923
185	0.005679140898645244
186	0.008294263302868731
187	0.0095694659369744
188	0.0056007579868000215
189	0.006741144817499623
190	0.004998533450871892
191	0.00667737256613323
192	0.006122845069682753
193	0.006671189370395494
194	0.007696760234833896
195	0.006762734179730001
196	0.006495096567670179
197	0.01096475834207668
198	0.005838744699263669
199	0.007721589112952446
200	0.005913998640699415
201	0.006712068897012338
202	0.010889655761376993
203	0.009408086796937167
204	0.007072632629035782
205	0.00563596226855589
206	0.005779680318410054
207	0.00598522717116588
208	0.006044957478509171
209	0.005989768479121694
210	0.005741571790274907
211	0.011421757678436442
212	0.007013529441276538
213	0.0063818036814793835
214	0.005472289491193907
215	0.006030180173817996
216	0.006061262711090464
217	0.0059663255303284745
218	0.005915593996153427
219	0.006267775907458136
220	0.015033449515413265
221	0.006076984959140724
222	0.007726625960064623
223	0.010183699738200037
224	0.0069690932119572
225	0.007661014650278337
226	0.0056358219036734825
227	0.004740944239423437
228	0.006697857760652718
229	0.007004815086234458
230	0.0063764965445590824
231	0.008895772257198915
232	0.006328900144382171
233	0.010568431863193258
234	0.005451990437989233
235	0.006539703958213603
236	0.006288637108013024
237	0.005554870854119146
238	0.00622375805797204
239	0.0061564091493189095
240	0.007861927764944543
241	0.007735510524115213
242	0.005435326391199134
243	0.0069946655511249544
244	0.008619058504036721
245	0.006484975861330373
246	0.0047818711351634265
247	0.010895805413064057
248	0.007684796092886059
249	0.00680932448447204
250	0.007531888389920093
251	0.00494253898532742
252	0.00974508218200344
253	0.004897469797817197
254	0.006499840558242449
255	0.007629778086929218
256	0.006579499613727449
257	0.007804252426941418
258	0.005889562360693268
259	0.021301622335477045
260	0.007501822021268656
261	0.007043971037241989
262	0.0075328628008646745
263	0.013857463056141339
264	0.005698761660819157
265	0.00923520297606233
266	0.007907447342870385
267	0.005996960848929859
268	0.00719592383620703
269	0.0061531145670262665
270	0.005026362215973521
271	0.011962209455849103
272	0.0052613235797682525
273	0.0050641124206764095
274	0.005004770146243092
275	0.007945101629527553
276	0.006020281479866346
277	0.0055731132687171425
278	0.005988614333495143
279	0.007507790333979873
280	0.005715906627434955
281	0.006625762354186477
282	0.007030265115438066
283	0.009532313172931272
284	0.007342586985152633
285	0.007640694271421229
286	0.005682057658317192
287	0.006204513892487317
288	0.009501301197096558
289	0.005895582358525331
290	0.007455793566964
291	0.008253062513430163
292	0.005263251085477311
293	0.013338962538111012
294	0.005714715668860884
295	0.008846527622928644
296	0.008323925586046043
297	0.0055385569097061264
298	0.005734957839759346
299	0.005992993406616121
300	0.006063989329372086
301	0.005763950877433037
302	0.00515423772745009
303	0.006665651956744762
304	0.006458208007572332
305	0.005942655878006796
306	0.00728627858193438
307	0.00533239704094533
308	0.009419319351778355
309	0.005883306519576225
310	0.005055390882047546
311	0.012535856545952996
312	0.005612466505514592
313	0.007261834588559177
314	0.005437016959891294
315	0.0059552780933136385
316	0.006083649332839407
317	0.008194528805982872
318	0.007484525752950497
319	0.005390327764056954
320	0.005742814952330234
321	0.006731019388426687
322	0.007857682276068381
323	0.006409439096793605
324	0.007454559142782717
325	0.009052615926438605
326	0.006172001312917615
327	0.005421926845419807
328	0.005889713229668514
329	0.008643367122593074
330	0.005754675007299121
331	0.005003833740902313
332	0.005838670558865009
333	0.006477408329465377
334	0.009110632979841082
335	0.006211364679107868
336	0.007244296596445007
337	0.006462599129150893
338	0.005532278454331939
339	0.008039192760738082
340	0.006896804983405779
341	0.005962897149292858
342	0.007220166506569281
343	0.005638333382772498
344	0.007205133731605993
345	0.005936707720000217
346	0.008564085838165848
347	0.007165916030955476
348	0.00645591743028869
349	0.005826827813050935
350	0.00563126483412456
351	0.0053160748877910825
352	0.004889321121553572
353	0.005125821607522393
354	0.00628894128356634
355	0.00799427619897276
356	0.006003657306608124
357	0.012334272510841364
358	0.006102081157783983
359	0.005671113563773937
360	0.006178571715344686
361	0.009484704302696649
362	0.006035876044147619
363	0.006514117890024121
364	0.0061634448684298425
365	0.005887923705421263
366	0.00633950504807988
367	0.007158371970274516
368	0.004931935348106257
369	0.006194636047111587
370	0.0059553001683866355
371	0.0055516532320767165
372	0.007104945783160038
373	0.00498453168455629
374	0.006203706656193611
375	0.009053502076659503
376	0.005491783781100954
377	0.0059460797590355045
378	0.006503481006979534
379	0.005917178755579664
380	0.01920644834421662
381	0.0062079336168884315
382	0.006102683719032198
383	0.006981992551096566
384	0.007767533161866244
385	0.005433142022820533
386	0.006913692351979316
387	0.006373365105857605
388	0.0051615783029257244
389	0.01379160205580887
390	0.005465845560993943
391	0.0057534597168486315
392	0.006214567657230913
393	0.008084217920673056
394	0.00795272854502422
395	0.008297845981605568
396	0.006909186555364023
397	0.0076259351282740966
398	0.005726072119809776
399	0.00831240074987144
400	0.009826166450574795
401	0.00576963645340787
402	0.007780120985271563
403	0.00512661742064308
404	0.007102053214992386
405	0.00606652150902916
406	0.005346832777638902
407	0.004529776913472614
408	0.009087996951822087
409	0.005905294597517853
410	0.007056208084828383
411	0.007434230258638531
412	0.007963666783030015
413	0.012080955505195357
414	0.005194175300638003
415	0.0068659776933159234
416	0.00599126375453832
417	0.006807259413083495
418	0.007474027328428502
419	0.007784787729872137
420	0.00558683359524587
421	0.008055954434508987
422	0.00516117195784539
423	0.006952834966658502
424	0.005997534191753834
425	0.006565985263853749
426	0.005082360945413053
427	0.007116594433383984
428	0.006746041087459662
429	0.0056482848020327015
430	0.011119245826872941
431	0.008056292311574878
432	0.0069946902995607595
433	0.006091180860311644
434	0.0072230783321631
435	0.006150654988434555
436	0.005992501978404146
437	0.007823763409598979
438	0.005071259080096457
439	0.005216074479076939
440	0.0055397752528048815
441	0.007777555252820882
442	0.005797885856843519
443	0.007248515703905071
444	0.007192641711397045
445	0.007660758152686055
446	0.008759988347602865
447	0.005448540700650653
448	0.005755247578153011
449	0.005308975216497081
450	0.004827449168681897
451	0.0055871441650301255
452	0.007433259721594346
453	0.007032850283718632
454	0.01035655994277642
455	0.007042540521754349
456	0.004817135505636601
457	0.00795246409197367
458	0.005935985232050989
459	0.005670701802972691
460	0.008318220589143957
461	0.0052382770392507
462	0.005837344005711436
463	0.005228305185929392
464	0.006110305215398113
465	0.00596379052963563
466	0.006340024206218953
467	0.0052169902306741615
468	0.006453823004115082
469	0.00600620522403838
470	0.0055108534662725835
471	0.005892596257927899
472	0.005733529562135286
473	0.009771012028904605
474	0.0062498990150480814
475	0.005563486512828559
476	0.006005284914243415
477	0.006949147959995302
478	0.006259786100165474
479	0.006904900542272002
480	0.006299730979359775
481	0.006198652621042674
482	0.005905888032257544
483	0.006473539272248114
484	0.006040387738371257
485	0.010304298941345135
486	0.006687868250844304
487	0.007062032880183386
488	0.010958805675337519
489	0.005925430347666872
490	0.005840400836501055
491	0.008397216585113056
492	0.006333451323265047
493	0.008183620664281877
494	0.005834456746484549
495	0.006380047322801829
496	0.0053039283330133975
497	0.011477345548841899
498	0.005060360615239829
499	0.008032979757681986
500	0.007469203202983126
501	0.005952892548345831
502	0.007062015852555082
503	0.006231760639802202
504	0.0075706392950463455
505	0.005863616965562789
506	0.008257915339404768
507	0.0048848267248563434
508	0.007425203853993045
509	0.00665836970281874
510	0.006431172040443622
511	0.007947559612987723
512	0.005500246129222697
513	0.00634479866381122
514	0.007026527636419517
515	0.00613857390562358
516	0.006238586328848838
517	0.00600972666196751
518	0.005866362465952856
519	0.005055652826935388
520	0.006242475645502039
521	0.006669213053111811
522	0.006432665762761209
523	0.005882101625038295
524	0.00881109114843841
525	0.006153834546324965
526	0.007930224437005627
527	0.006275160906677359
528	0.006363748816762135
529	0.006516863702583018
530	0.005613912151400396
531	0.006470396474339607
532	0.006633696566088671
533	0.007322675650356971
534	0.01013542267907323
535	0.007002657770368623
536	0.0061634465373337066
537	0.006984597533802555
538	0.0052818941933256555
539	0.006738423850264246
540	0.006027603405737424
541	0.00827838325979734
542	0.004973095631265516
543	0.00808679440565711
544	0.00630768004874781
545	0.0070827547962108136
546	0.0059071288242574715
547	0.005037000421212322
548	0.0064841390440609145
549	0.007558488186730815
550	0.005237779770767044
551	0.005283867786082999
552	0.005678663883421864
553	0.00612603037013423
554	0.008096901412318513
555	0.007113711983867981
556	0.005574378381829506
557	0.006163265403449012
558	0.006097332075173933
559	0.006565771601941792
560	0.006421567401431352
561	0.005747693229227747
562	0.007097262880586382
563	0.009800682764944616
564	0.006396187266775597
565	0.005500964670188829
566	0.009629995587450167
567	0.0070973212868466196
568	0.006606902779079213
569	0.010299916111224694
570	0.006331671564228853
571	0.006237514379453083
572	0.0067216791661268375
573	0.0060364282528754
574	0.008420284984253021
575	0.0059329769792788424
576	0.005824945672000381
577	0.006107507322394389
578	0.004963995483344301
579	0.00810199619701175
580	0.006102337363041882
581	0.00635296119592197
582	0.006069606228267425
583	0.0052165908716014795
584	0.0060284126790237326
585	0.007970554946280217
586	0.007236385875386778
587	0.009878692300921805
588	0.006305741092194588
589	0.009063147644845395
590	0.00618105855133106
591	0.005299132534847961
592	0.0065573635079217655
593	0.0055979873393870935
594	0.006454202869368203
595	0.006763485268436497
596	0.005193559403337008
597	0.007486182720293784
598	0.007403902312399912
599	0.007242289736754655
600	0.007376104270123204
601	0.0077942665739428145
602	0.006239031254711622
603	0.008840294525889905
604	0.005147402421710663
605	0.006492458941984931
606	0.007194475104083332
607	0.008854526682208439
608	0.005852117822996609
609	0.006279959097306122
610	0.006151428741874013
611	0.006457316625509648
612	0.007540412700640749
613	0.005681606448013774
614	0.006956687157498034
615	0.005797102482205341
616	0.010486590810476877
617	0.0056351686255943926
618	0.005868958803451649
619	0.005947808530916579
620	0.0062395207370341535
621	0.009197664505070076
622	0.006349217197125798
623	0.005487970163568275
624	0.007503297878214387
625	0.006455179563137284
626	0.006890124371945963
627	0.006210468817417838
628	0.007393172781178133
629	0.008149662831809169
630	0.008361520538347295
631	0.007666485383849122
632	0.006824115767095121
633	0.006171113219198654
634	0.007288553233993743
635	0.005579989495187618
636	0.00785633212254584
637	0.005943015898977127
638	0.005330238248417915
639	0.005962560379718502
640	0.0064490251529288846
641	0.00670684149155904
642	0.0075678063979585175
643	0.00810596022646338
644	0.009119858422456583
645	0.006167914293217701
646	0.006031742273592799
647	0.006047626553333554
648	0.005437610384963891
649	0.00689980667639893
650	0.006873404359678152
651	0.006769182509000996
652	0.006492708736222528
653	0.006234175398695943
654	0.005691333023060451
655	0.008341024498160448
656	0.0070662278049710425
657	0.006842690102378317
658	0.005950480207221156
659	0.00544933303623703
660	0.006056624588455612
661	0.005900302461267444
662	0.005628711526060572
663	0.00653611959182654
664	0.0077885723074500104
665	0.006300231731239622
666	0.006059850934050775
667	0.008874911006676246
668	0.009867078118016001
669	0.007657495751789344
670	0.005939516031492069
671	0.009362914014870313
672	0.008322667111432295
673	0.005909489848049112
674	0.006199048364078606
675	0.006935545847656381
676	0.008716500577975319
677	0.008318365243028354
678	0.006555851794952352
679	0.006427386804668659
680	0.005472176250026318
681	0.007411758041959273
682	0.006341062248224176
683	0.006032104483305385
684	0.006509090687835208
685	0.00728782703151018
686	0.005374456657055895
687	0.009662520283213776
688	0.005404151474863268
689	0.005269246701609978
690	0.00597223875100637
691	0.007315804582788363
692	0.00868275158168083
693	0.0050351648810586245
694	0.005935992248267286
695	0.005038231403639938
696	0.006129757599482617
697	0.006232360671772782
698	0.0058298577486472535
699	0.008221008712521474
700	0.004761467751443622
701	0.005757150865801346
702	0.006452976070192136
703	0.006007090419724687
704	0.005410545188713328
705	0.007769752533972624
706	0.007394743621381035
707	0.006549152208642805
708	0.006791062320194251
709	0.005355010919170598
710	0.007346110427174038
711	0.007698714526767486
712	0.006091630879600388
713	0.005954462515799171
714	0.006470382581337011
715	0.006361948650470377
716	0.005757372606415648
717	0.007370995550411755
718	0.005277484528218695
719	0.0072382084849987125
720	0.005772093088516974
721	0.006687870696125215
722	0.005669581558861727
723	0.008730602911121921
724	0.005358112111440378
725	0.006460594960899133
726	0.006520008613340762
727	0.006276133570568895
728	0.0059122372661869526
729	0.0107337883265369
730	0.005460431651218443
731	0.005668688016892961
732	0.006335655921158291
733	0.005877070705143526
734	0.006287689328878604
735	0.007738271241007221
736	0.008339470723053875
737	0.0050886988013473635
738	0.010352298955139456
739	0.007141703631213751
740	0.006279144186103822
741	0.009464524175232785
742	0.008096446621923997
743	0.005424723964680121
744	0.006269834892338863
745	0.006205983837628434
746	0.006109613408337025
747	0.006263652888438418
748	0.005356232874427131
749	0.006255211505530014
750	0.0072550755512214736
751	0.005997841870341859
752	0.008125592711023928
753	0.006692012617137008
754	0.007556828847608174
755	0.008164849583555836
756	0.006519584778836967
757	0.007791155539303791
758	0.005761850823673403
759	0.006323081267070695
760	0.008573767001964688
761	0.006159330600548303
762	0.006570774065959359
763	0.009937749362199249
764	0.00595766243009819
765	0.006479932582126386
766	0.00692476516618849
767	0.006031299453696861
768	0.005935778477099022
769	0.005730985296080276
770	0.007113951732791471
771	0.0060806379082575645
772	0.006490060247220144
773	0.006771379511062199
774	0.007456774037093565
775	0.006559907639146569
776	0.0056935718315606135
777	0.006819025796195472
778	0.006139756961626434
779	0.006450379615152811
780	0.005646005169344848
781	0.007017621408344078
782	0.00628712062868
783	0.005878804249329557
784	0.007148668306089408
785	0.006304233189752265
786	0.007655856932264077
787	0.007859134615420794
788	0.006484475025492853
789	0.006384855040188474
790	0.006900992148758854
791	0.00701470445959107
792	0.006875139163491144
793	0.005945504742463491
794	0.006312122123976697
795	0.007570298996022094
796	0.005898202693464
797	0.00753860805957144
798	0.0075776579918228745
799	0.0062182073212213185
800	0.006051186824284407
801	0.006166365264107605
802	0.0064602516299078925
803	0.006231862920032416
804	0.006720453427946026
805	0.0069962698304412005
806	0.0064837007288668334
807	0.006098929154276947
808	0.007143738770295536
809	0.00687417850144034
810	0.007283067137013591
811	0.005721578344103135
812	0.007684796699808337
813	0.0069594939316801096
814	0.006141373013599931
815	0.00618958269347358
816	0.007361066208857633
817	0.005950534529858109
818	0.006561915991108904
819	0.00557499817483184
820	0.00736757697866402
821	0.006156940822842364
822	0.006903241232950932
823	0.006062834067338133
824	0.0053678210272321645
825	0.005178096748779301
826	0.005545367958687148
827	0.005861098730267176
828	0.006481515501621258
829	0.006682215389002561
830	0.006416765905726473
831	0.006145125282825542
832	0.006764118060430911
833	0.007528790289314798
834	0.00554608256513162
835	0.00709444751429609
836	0.005489690871281574
837	0.007337760111102315
838	0.00754565064034848
839	0.006483482542951987
840	0.009059422177296127
841	0.005311714703486004
842	0.005876270679208562
843	0.006797284250273203
844	0.0068872651914698635
845	0.0075189500614773926
846	0.0071073585061702995
847	0.008168716045562846
848	0.0055864109057141235
849	0.005991028556931681
850	0.007857917386710288
851	0.005412066211835955
852	0.007063571840577233
853	0.005909323825239401
854	0.00763674119617169
855	0.005673587523727359
856	0.006330511333094616
857	0.005656638104515922
858	0.007158515719368133
859	0.007587147512836024
860	0.007223290326542075
861	0.0051118782351971944
862	0.005847152840603364
863	0.0068204344131311346
864	0.005241025905608021
865	0.006110112841441864
866	0.006654957185552136
867	0.007565063822314235
868	0.006600249363410321
869	0.006863884689712142
870	0.006573574239634105
871	0.0072197659182047505
872	0.00900404927171266
873	0.005910775249246494
874	0.00799888267746892
875	0.006170957246080826
876	0.006472710424023294
877	0.006231735862155709
878	0.011887257820633887
879	0.006502061731309001
880	0.006128818623407902
881	0.006542877466053915
882	0.008256799523896309
883	0.006433496365638788
884	0.00630454053439756
885	0.005653756606376981
886	0.0063477778525354465
887	0.006059221034483234
888	0.006687791995284905
889	0.00574252389417685
890	0.006767058760793568
891	0.006826978500353182
892	0.007056310279587252
893	0.005711878403975589
894	0.009073508207685944
895	0.010548993403248563
896	0.006093397181955226
897	0.006803971614322495
898	0.007226465220414978
899	0.006475938116358942
900	0.005844819559209641
901	0.007578127185840131
902	0.00575530103504238
903	0.008301826117674884
904	0.006151579188821073
905	0.008904551893239847
906	0.007007419057649111
907	0.006427402336918603
908	0.009428782379496167
909	0.008993391642657604
910	0.0067646436135592545
911	0.00626326113202907
912	0.007374873608796401
913	0.0064567301383300964
914	0.009016004092682104
915	0.005258195840815335
916	0.007131857221081691
917	0.005688425183546912
918	0.006424449179409774
919	0.005691628796562608
920	0.007827287154268545
921	0.006490376394734844
922	0.007232942512979464
923	0.006999020845660969
924	0.007598950241975064
925	0.006968382956302143
926	0.0065792176486039735
927	0.006964433995957125
928	0.005869883213481677
929	0.006520927603706958
930	0.01009206994011656
931	0.005942356635744856
932	0.006413292836573935
933	0.006640614617033085
934	0.0060785419788260105
935	0.006347441557147751
936	0.005804129089322111
937	0.008328926584820118
938	0.00566145213379786
939	0.006307543625948031
940	0.007268461795925284
941	0.005860615166130614
942	0.007627943557448244
943	0.005920242396106104
944	0.005296599715360255
945	0.007260115079302565
946	0.005954377280392264
947	0.007788333588602849
948	0.006102806399644418
949	0.005865885861110082
950	0.006917972284262891
951	0.006292970263916769
952	0.005902803541740347
953	0.008067880342220748
954	0.008279716255801867
955	0.007250841192328047
956	0.005857262400463418
957	0.00640036257081128
958	0.005805302772803075
959	0.009827961763286873
960	0.005543628965509967
961	0.006087483541380878
962	0.006127571158756961
963	0.005422744220220302
964	0.005816212559908114
965	0.006916551668419565
966	0.00548807578951618
967	0.0054640753587913106
968	0.005673066866461439
969	0.005636699902724903
970	0.005345953303777313
971	0.007096382088569244
972	0.005661635352422315
973	0.007390310792669733
974	0.005482429456786739
975	0.005484388107939455
976	0.007156651654170283
977	0.005491675144522367
978	0.0061307055689090294
979	0.006537340306309856
980	0.005812449703990541
981	0.00649392265074423
982	0.005814614444465859
983	0.009808714884688373
984	0.005561130863132979
985	0.006567215217445541
986	0.005929639944993153
987	0.006424347245587234
988	0.006367032914076074
989	0.007410999946069321
990	0.005022631976417989
991	0.00584150103219672
992	0.0059194724867861126
993	0.005334788695480665
994	0.006237370409665304
995	0.005521467878361411
996	0.005918929887787358
997	0.006139900695990342
998	0.006918837256859266
999	0.005688211488557653
1000	0.009209323473010704
