1	0.007099947063657916
2	0.007971735643000655
3	0.006822165148495308
4	0.0062173045171701235
5	0.007159987224051169
6	0.0060914493234082625
7	0.005991270014926918
8	0.004935416587810314
9	0.007133080560915809
10	0.004753235249350361
11	0.005645804209871058
12	0.005375854692709189
13	0.006525329998270701
14	0.00584154972800205
15	0.005464001400161584
16	0.005408103413763477
17	0.0049875723139396685
18	0.0057553349852343125
19	0.005121215648081481
20	0.005242077511576332
21	0.005016840749807544
22	0.005556074086800964
23	0.0056000646705763124
24	0.005555235196469135
25	0.005803368753115089
26	0.0055982115853209615
27	0.005231566218829642
28	0.005540090367501766
29	0.005094855091287876
30	0.005378527557420636
31	0.005143630691655954
32	0.004834131518967871
33	0.004776446082143326
34	0.005751908194498724
35	0.005267830525252086
36	0.005193529182231409
37	0.005695787569676544
38	0.00541563723470969
39	0.004471176515185538
40	0.004617948359104551
41	0.00456106216113135
42	0.0050705784362892
43	0.0056109297099307944
44	0.004874048081126016
45	0.005052771174714077
46	0.005631083562366316
47	0.005279637312543856
48	0.0053664322516048715
49	0.005330454538493672
50	0.00437719414556278
51	0.004989956845626294
52	0.004853076501721457
53	0.005718511878920545
54	0.006313519595575833
55	0.005005811701406804
56	0.005404830664336489
57	0.0045928781645841275
58	0.004581844857950115
59	0.005084625839690287
60	0.005696353065786696
61	0.0045573823885602825
62	0.0049009322380827195
63	0.005539685421006035
64	0.004451820106119887
65	0.005104904710639548
66	0.006120253126950812
67	0.005706844512350884
68	0.005332246651322632
69	0.0050822174019555955
70	0.004763347560637272
71	0.005031079679930725
72	0.004670322966417369
73	0.004902849569267756
74	0.004913114552254234
75	0.00504331003500612
76	0.005090748952193452
77	0.0052482239623955615
78	0.005053880270645839
79	0.005555066886894072
80	0.004823502040392907
81	0.005070600003263763
82	0.005414281337318264
83	0.005122472830917023
84	0.004711327891256781
85	0.004732886120954321
86	0.0045358260602452625
87	0.004227110822128779
88	0.00480042285686042
89	0.004678390258490207
90	0.004684174150098013
91	0.005032785065332588
92	0.00573863785913083
93	0.005207628051227898
94	0.005162747534813547
95	0.0047134517449507855
96	0.005086484246628689
97	0.005569220288177506
98	0.005552059232554197
99	0.005139542753663374
100	0.005803626931910118
101	0.005971759613643185
102	0.005688417763262156
103	0.004770197100090411
104	0.005157773934238211
105	0.005382249481784297
106	0.005109936391385231
107	0.004919541618869641
108	0.005057753481596199
109	0.004740577135526398
110	0.004862785161369074
111	0.0047849078325819805
112	0.004976673969747744
113	0.005357621412254086
114	0.0060032764043595945
115	0.005013837229443111
116	0.004865039786477285
117	0.005131425649526296
118	0.005166413147336211
119	0.0049661408282923505
120	0.004907340407412674
121	0.005120293132299861
122	0.004973774489375507
123	0.0048361861970490265
124	0.004995096108552279
125	0.005328450381384008
126	0.0054953938582241865
127	0.004989464912079706
128	0.005512061770860274
129	0.005353987827485526
130	0.005260648652385485
131	0.005471689160591138
132	0.005790295707454355
133	0.005206895755793779
134	0.005130452343225917
135	0.005147840629829735
136	0.005305235756793434
137	0.005156417613718036
138	0.005133430336148833
139	0.005202656819255292
140	0.005057407577360955
141	0.005420290325891874
142	0.00488378352726536
143	0.005289117157581612
144	0.005743371042503417
145	0.005336169467579914
146	0.005222671080755427
147	0.00522179788686524
148	0.004814356950088347
149	0.005682514029945119
150	0.0048830875694016035
151	0.00477651238660859
152	0.004902600135458086
153	0.004894113734374933
154	0.005238197149340311
155	0.005007958091791975
156	0.004848351726300401
157	0.004736240399211311
158	0.0048981238294740145
159	0.004832363163349204
160	0.0052503990416474244
161	0.005213645438390835
162	0.005132886501031831
163	0.005106214723788413
164	0.005434943897532008
165	0.0049904338920195215
166	0.004643680822463013
167	0.005188525886231039
168	0.005240439960022341
169	0.005240960583413974
170	0.004936508555637969
171	0.00551892205938815
172	0.005568798363335431
173	0.005150687226764551
174	0.004721896194180822
175	0.004525761164911983
176	0.005163660728761827
177	0.004903717071870346
178	0.004842989793212346
179	0.0051146950940981276
180	0.004875107460605384
181	0.005402161304111261
182	0.005039051786273413
183	0.005519685195361332
184	0.005112441285445019
185	0.0049484998425719205
186	0.005067225267612731
187	0.004848730585639234
188	0.005030148025196105
189	0.0046710516128531795
190	0.004665083050117288
191	0.005402846485518266
192	0.005217243840372431
193	0.005341384146468512
194	0.005117072804604344
195	0.005003214265779445
196	0.0053818856001538184
197	0.005134523613090177
198	0.005421376690745467
199	0.005116356074838151
200	0.005376156436081724
201	0.00514715771067119
202	0.005436324355580598
203	0.004724516969242306
204	0.005049078400108956
205	0.004994125646083273
206	0.005367922366582662
207	0.005124886943076793
208	0.005063405930541993
209	0.005463633233017586
210	0.004849312860727515
211	0.005593236507277468
212	0.005675041412656897
213	0.005429444274818138
214	0.005210511159925313
215	0.0048778412324765544
216	0.005279440196610486
217	0.004989938594379879
218	0.004690774941489233
219	0.004774914597364983
220	0.005165414043973805
221	0.005525814956436903
222	0.005318283803868943
223	0.005092460625992456
224	0.004886631388612458
225	0.004931370727388021
226	0.005069012734793476
227	0.0054252982427890825
228	0.005085793495348315
229	0.004521625082581402
230	0.005187123575894731
231	0.005272919757843011
232	0.004929874766126911
233	0.005508742400139523
234	0.005310878404539573
235	0.005339223691921533
236	0.005225715739884134
237	0.0047620472628100135
238	0.0047567872575582275
239	0.004790803813508905
240	0.005534354389516158
241	0.004804680189513599
242	0.0051675379931419565
243	0.004845956806928471
244	0.005402276025178396
245	0.005045003059449049
246	0.005323150171176216
247	0.005435878341807971
248	0.00513875436226131
249	0.00496814448806385
250	0.0053676545498279405
251	0.0052042878823408256
252	0.005398914334842905
253	0.005505409764754066
254	0.004968182109377382
255	0.005238834995166785
256	0.005264342145294459
257	0.005301525392402061
258	0.0057954146757608835
259	0.005593262507916815
260	0.0058451426714618586
261	0.004744672463739428
262	0.0054457680783346375
263	0.0050755566646809155
264	0.0050097229609778636
265	0.005488926338493916
266	0.005057228078858615
267	0.005091829972867562
268	0.005087802530446682
269	0.005124415256497889
270	0.005042361127439065
271	0.005325633955341858
272	0.005173663601089254
273	0.004952647410799287
274	0.005151007421045746
275	0.005241514011520618
276	0.004944511526594518
277	0.005184103331226857
278	0.004647158668635283
279	0.004836493955632753
280	0.005206976157564617
281	0.0046177305471107235
282	0.005405056653221777
283	0.005049807891410362
284	0.0051986177297797505
285	0.005486183422541136
286	0.00535454933211763
287	0.005619621952365439
288	0.004964984874173908
289	0.005109187992250447
290	0.004998769272995947
291	0.004979873344514015
292	0.005404272845405726
293	0.004704806905753269
294	0.00557172891484501
295	0.005206632135855411
296	0.005454065179770158
297	0.005213768265323948
298	0.0048363316185068735
299	0.004811465825493101
300	0.004751224706350987
301	0.005207979992275108
302	0.0051485474215177
303	0.004825305099528697
304	0.0050113775338015585
305	0.005211740839164755
306	0.005284376076680365
307	0.005110594941298425
308	0.005352627946433985
309	0.005102426313400399
310	0.005104404330472914
311	0.005705189187001119
312	0.0052653388758454114
313	0.004906605510401972
314	0.005316742494012494
315	0.005522968910169095
316	0.005426255771807978
317	0.005032365773297729
318	0.005551143292530614
319	0.005076050121562501
320	0.004956463913493236
321	0.004946253392908962
322	0.004915414009602067
323	0.0050614551259269315
324	0.005175802959040989
325	0.005223660838170164
326	0.005157641579285404
327	0.0053689746089524756
328	0.004967319925644873
329	0.004945600738441216
330	0.004963588646031887
331	0.005012766839288489
332	0.0059295094258555855
333	0.005312027373248204
334	0.005125600886290013
335	0.0050422992619496365
336	0.005252922438671439
337	0.004953174924088851
338	0.005186529267244821
339	0.005082922681855385
340	0.00514469385701638
341	0.005472410414898513
342	0.005104337808278747
343	0.004956194467533556
344	0.004881688035776052
345	0.0048136979241703536
346	0.005446087257913035
347	0.0052638557003323915
348	0.005024315020630907
349	0.005620290610695454
350	0.005465279966102534
351	0.004834110911484571
352	0.005401315937153034
353	0.005277779758558261
354	0.005187441722095207
355	0.004804351275614646
356	0.0054694179591467
357	0.00480462591919321
358	0.005171290962726667
359	0.005287132587910743
360	0.005248707894767878
361	0.004985396050397233
362	0.005173053465016615
363	0.005245417829051759
364	0.00485578106550171
365	0.005054866555551414
366	0.0050431948863736585
367	0.005850048481411006
368	0.005264088857829202
369	0.004937344347890266
370	0.005020676478897894
371	0.005170163658470781
372	0.00523724514355733
373	0.00525721215918085
374	0.005299110812628085
375	0.005324374888105062
376	0.00500024561601749
377	0.00502301403362737
378	0.005147273140199717
379	0.005079160142802127
380	0.0051959563631680285
381	0.005007307547199912
382	0.0054131075608474235
383	0.004936231460124667
384	0.0053797845852756425
385	0.0050178612095814566
386	0.005129808002045099
387	0.004936453761262113
388	0.00550268438434394
389	0.004970564020490526
390	0.00481867367365247
391	0.005184575065915393
392	0.004957423192612989
393	0.00496227509322145
394	0.005343259264807288
395	0.005446211449066215
396	0.005018577769299234
397	0.005145602374926576
398	0.005234369193343084
399	0.004861464488141871
400	0.005869396054421088
401	0.0049777447656019986
402	0.005264696059343659
403	0.005080131859335665
404	0.005231537897543269
405	0.00530179907347695
406	0.005129723184964399
407	0.0048967143175983755
408	0.005480873806149453
409	0.005427141623441513
410	0.005600975919249793
411	0.005301639156556359
412	0.00564179406038512
413	0.004822660246882924
414	0.004803959613836587
415	0.004915590253711698
416	0.004889298585720191
417	0.0052514930588519184
418	0.005269450720384972
419	0.005222017785775869
420	0.005094495125797404
421	0.005285962177591
422	0.005236512097549615
423	0.00532844176287156
424	0.00521551707970688
425	0.005025888138311199
426	0.005099924650880838
427	0.0056617990195133305
428	0.005733272616654934
429	0.005294013265438532
430	0.005222839051742721
431	0.005183430109988182
432	0.005317913650500642
433	0.005170782680516588
434	0.005381142516942062
435	0.005171511670346386
436	0.004929334144691746
437	0.0051421386586500825
438	0.005337432524991605
439	0.004953004938954475
440	0.005030815568387737
441	0.005075450703492773
442	0.004935300714628797
443	0.0054745876584305995
444	0.005265287729048352
445	0.005302504484114861
446	0.005466114939943324
447	0.005209144094590067
448	0.005428607243382397
449	0.005264746764406093
450	0.005538747183898424
451	0.005087344372406021
452	0.005307128977195525
453	0.004981449741665967
454	0.004770671557022465
455	0.005008258926262611
456	0.005064743681913253
457	0.005348631687266657
458	0.005030765065222796
459	0.005112862542283952
460	0.005272558381644678
461	0.005256912411791652
462	0.005312226347928262
463	0.004663006832318842
464	0.005160081771696218
465	0.005075559059223835
466	0.004988564490595202
467	0.00511728853619436
468	0.005177623369323341
469	0.0053027055661654075
470	0.0051540035496662525
471	0.005298984081329108
472	0.005056068211947852
473	0.004921390792748639
474	0.005249455518965368
475	0.004778094244747347
476	0.004731562716074401
477	0.004970626279749366
478	0.005460999981969023
479	0.004963274954835657
480	0.005181100148489283
481	0.005224915880703641
482	0.005155771587364285
483	0.005323022580049518
484	0.005008312327226241
485	0.005058180043909852
486	0.004848700919895046
487	0.005712772523826184
488	0.005228912568886694
489	0.005296496996592129
490	0.004850518059688878
491	0.0053525037280201145
492	0.005529870187822606
493	0.0053899603611521985
494	0.005181417689991921
495	0.004953050465206933
496	0.005095525683968621
497	0.005400170625986366
498	0.004926750821270338
499	0.005571345209792451
500	0.005296657842844541
501	0.005300090688700097
502	0.005272476986366468
503	0.00529525902464541
504	0.005004580535010149
505	0.0049986496372948245
506	0.00519871076611805
507	0.0050682128258071404
508	0.0054643119174451185
509	0.005385286159969891
510	0.004869484924503244
511	0.00522470691675558
512	0.005269094625907546
513	0.005122625350361174
514	0.005167554009161175
515	0.005084630937015618
516	0.005295159519783067
517	0.004995985398145025
518	0.005230148722214814
519	0.005308837927449681
520	0.004886659714286886
521	0.004913654371491082
522	0.004997442271134743
523	0.005159739628298562
524	0.005151164395365085
525	0.005326694386554312
526	0.005454815817182733
527	0.005109910807614054
528	0.005206970284949204
529	0.004953294676552315
530	0.0051921351143792436
531	0.0054177749385898935
532	0.005449810585237619
533	0.005402530930319473
534	0.005028613776589202
535	0.005375705170308585
536	0.005649324814447984
537	0.005349528138506881
538	0.005087077993319056
539	0.0050938133960977475
540	0.005257622805564235
541	0.00500721859324338
542	0.005037469721790407
543	0.004968186636578889
544	0.005060554102591049
545	0.005087212804050012
546	0.004948551388267712
547	0.004871815599596337
548	0.004861766161764945
549	0.005404414525793905
550	0.005018192167749905
551	0.00485967892937531
552	0.004894363498734964
553	0.004952739583014147
554	0.005194920712163272
555	0.005329946335321672
556	0.005068396956035033
557	0.0051578193266121845
558	0.005149323176229032
559	0.004788573150722506
560	0.0053695220008769095
561	0.004938750371736206
562	0.00512041385589456
563	0.00487257048725377
564	0.005216813923148903
565	0.00514315405044471
566	0.005226656895927713
567	0.005188091734387962
568	0.004901688925436066
569	0.004960930382389286
570	0.0049750387470504295
571	0.005173844775946852
572	0.005051242147589866
573	0.005110757831640366
574	0.0052727570455701174
575	0.004964395386402569
576	0.004929693020365834
577	0.005153005734261076
578	0.0052202982602041125
579	0.005174353079325979
580	0.004888958138002032
581	0.0050714320564567185
582	0.005184143056002947
583	0.004944295469123034
584	0.005132019094180313
585	0.005200574975326053
586	0.004964125682797675
587	0.005331352604009022
588	0.005069315362496004
589	0.00521780668122266
590	0.0053744002236554836
591	0.005619505267894314
592	0.0053643135581194655
593	0.0052513604214874535
594	0.005003887422227377
595	0.00524383799625015
596	0.005056789610060416
597	0.004889378156895539
598	0.004974566521686216
599	0.0052716557029521575
600	0.004927523474827947
601	0.005156127504617652
602	0.00500682974806731
603	0.005532892652138465
604	0.00565871883472593
605	0.005289679708810166
606	0.004969875375039667
607	0.0052273874175087776
608	0.005205935182993211
609	0.004924934294804294
610	0.004985735830620448
611	0.005021784038081801
612	0.005188200919415862
613	0.0052012696923597005
614	0.005181758837222106
615	0.005074064444914339
616	0.005684963024309307
617	0.005253017886039438
618	0.005053597867540607
619	0.005106901141839055
620	0.0049039841111522845
621	0.005214278190428645
622	0.005116373202639584
623	0.005148831172903177
624	0.005003191135183787
625	0.005149042373103386
626	0.004941858230130891
627	0.005431007297351521
628	0.005246419236503597
629	0.005028855506910624
630	0.0051745226273515015
631	0.005220476673559079
632	0.005131034598842442
633	0.00497801891430957
634	0.005182917777915231
635	0.0053333496984215925
636	0.005014087609760125
637	0.005126735343522181
638	0.005116298857258026
639	0.005258948529374328
640	0.005125029918384394
641	0.005223729643971664
642	0.005088997118117863
643	0.005423293532323871
644	0.004943520618603789
645	0.005016057910759158
646	0.0049013597623820924
647	0.0056361396094996965
648	0.0050198588448425495
649	0.005230350636736146
650	0.004966212317817267
651	0.005418482880944509
652	0.00523690746060475
653	0.00520184234772429
654	0.0054450952716143
655	0.0051017453216292185
656	0.005027252073831648
657	0.005353991172013976
658	0.004914477383104437
659	0.005082952492613979
660	0.005341521467801611
661	0.005302112176646115
662	0.005370660558870439
663	0.005082829222366707
664	0.004808734104716236
665	0.005063419536155665
666	0.005065816087047795
667	0.005074198949628822
668	0.005686357560892142
669	0.005139000932069799
670	0.005145948736823475
671	0.005255178808865925
672	0.0056319405616288955
673	0.005366681607881576
674	0.005150837656551939
675	0.00525920661344746
676	0.005639733703146691
677	0.005450667061152003
678	0.004982624907170664
679	0.005022740396239163
680	0.005143299362373042
681	0.0050652026437296984
682	0.005023254517827754
683	0.005126662573049402
684	0.005254848318597674
685	0.005033892130148498
686	0.005375362052155022
687	0.0051059971754186025
688	0.005092457888114615
689	0.005677621534662018
690	0.004959518687874504
691	0.005432818461059519
692	0.005629595622177988
693	0.005329714458245352
694	0.005352229312731257
695	0.005451537897203481
696	0.005125650805701591
697	0.004932173441874312
698	0.005143314040299335
699	0.0052021801449821554
700	0.004934025752110891
701	0.005106539440043613
702	0.004906954680406792
703	0.005224651193522759
704	0.005154940804918767
705	0.005450333131732064
706	0.005166488214758346
707	0.00512510884281872
708	0.005095470223998062
709	0.005364152669076954
710	0.00507121669639091
711	0.005145857481429868
712	0.004933744499947286
713	0.004920045716794972
714	0.005003359194064504
715	0.004970510303965734
716	0.004997686063358433
717	0.0053865198902126495
718	0.005224842108242608
719	0.005100382556669006
720	0.005069887155822192
721	0.005143935293757821
722	0.005160481113347823
723	0.005319896440364599
724	0.005091586226557743
725	0.005172804659794306
726	0.004950383380240928
727	0.005245539718849365
728	0.004992379702100042
729	0.005361153611853091
730	0.0051772665665756655
731	0.005222164416404475
732	0.00540548388957309
733	0.00561443476271239
734	0.00544041257810985
735	0.005106575785049496
736	0.005216870710385476
737	0.005381059731428761
738	0.005497141393844788
739	0.005314405166083851
740	0.0050004789499874846
741	0.004956783550212474
742	0.004980541915584716
743	0.005294778097454912
744	0.005140407628804982
745	0.005120512921021187
746	0.0049310201164313285
747	0.005106207340299829
748	0.004990078902461149
749	0.005277668709067267
750	0.005485260934450116
751	0.00513967919728578
752	0.004715490915538621
753	0.005263507478978314
754	0.004929398630083042
755	0.004728882941972632
756	0.005112640798198877
757	0.005100773736198315
758	0.005136971937989331
759	0.005075173976973319
760	0.0048718425648788515
761	0.004951457946135843
762	0.005145249890271806
763	0.0050479619993208345
764	0.0054521547675472504
765	0.005260184200833382
766	0.0049731120823449885
767	0.0051639522090958555
768	0.005094979037374043
769	0.005142869636102966
770	0.0050887328562530445
771	0.005238846426704575
772	0.005266515431212933
773	0.005189847400230968
774	0.005103296861213832
775	0.005231275406811587
776	0.0050949514360058325
777	0.004939376186307326
778	0.005010688788759024
779	0.005098917844318892
780	0.0050095409914355515
781	0.004833526152320615
782	0.005242764865710172
783	0.004956578990467792
784	0.005283877084791638
785	0.005345815780410126
786	0.005347602409074864
787	0.005281055155273859
788	0.005186675680390159
789	0.005249380500464426
790	0.004994524505200769
791	0.005153344802924691
792	0.005110906153532974
793	0.00498142481999767
794	0.005337972402953358
795	0.005230749068074675
796	0.005337323376986384
797	0.0050051063616566825
798	0.0052902887101934715
799	0.005271268421598515
800	0.005246681123077848
801	0.005056599613910873
802	0.005039434731444008
803	0.004840324100592384
804	0.005350410292598625
805	0.005050830428406441
806	0.005254099599843614
807	0.004936558995534016
808	0.004773106122850358
809	0.0050391927952690785
810	0.00484627575502107
811	0.004826536144118761
812	0.004925268826889522
813	0.005027838405269603
814	0.005188378227752563
815	0.005078850045350938
816	0.004906321984794572
817	0.004931209773257891
818	0.00500647684350313
819	0.0052118543198465105
820	0.004911592110771383
821	0.004975627277531234
822	0.005001422282937624
823	0.0051372280892066705
824	0.005460401027568071
825	0.005211024288560655
826	0.0051435844084819745
827	0.005139957573565758
828	0.005331453073756035
829	0.004989733903019008
830	0.005067778216364632
831	0.00529546929706483
832	0.00527268850684669
833	0.005318568564382456
834	0.005270210498233705
835	0.004959851085044507
836	0.004959908465681993
837	0.005059717186974795
838	0.005191134666909941
839	0.0051847752832793
840	0.005304158732907826
841	0.00511038720155771
842	0.004973656945500783
843	0.005180767239375565
844	0.005301180355942732
845	0.005114980271908012
846	0.005215194391432262
847	0.0052035964963399375
848	0.005033373869651605
849	0.005116153174563438
850	0.005153953409142928
851	0.004844064343603861
852	0.005047045175131219
853	0.004803943540876447
854	0.005175560268334109
855	0.004999789084777267
856	0.005109837311114981
857	0.005406975486327293
858	0.005269084781037218
859	0.0052830935728429415
860	0.005189688600157853
861	0.004939868922330013
862	0.005366634708911827
863	0.0052618424577665236
864	0.004952055814198156
865	0.004948926788182193
866	0.005262100261982806
867	0.005050901154105605
868	0.005106339474378826
869	0.00500102126263461
870	0.005012109282555466
871	0.005074881115150825
872	0.005065777379052583
873	0.005184386866006469
874	0.005484410582201593
875	0.00517400451654967
876	0.005097593988587192
877	0.005385320533844115
878	0.005088553929617623
879	0.0051113992466613615
880	0.0049866798151464884
881	0.005016532357709142
882	0.005147563973297703
883	0.004791141094256356
884	0.005107053875941237
885	0.005043097131435824
886	0.005067196509540256
887	0.004962164530657649
888	0.004954049952817916
889	0.004931450699219897
890	0.00565843588779921
891	0.00534648122055069
892	0.0052852488921093545
893	0.005205895625964617
894	0.005143342936746923
895	0.005191097197177162
896	0.005244842982298985
897	0.005150908678839109
898	0.005104574954845288
899	0.004993047704682461
900	0.005070906263404998
901	0.0050443774723284
902	0.005319396060861356
903	0.0049474154542163366
904	0.005628551028633534
905	0.0050535347770343875
906	0.005417259216199246
907	0.005295851312032004
908	0.005371769390998362
909	0.005075076642441706
910	0.0050260273906327655
911	0.005086418085544517
912	0.0055078650840717615
913	0.005183500029821204
914	0.005294434006484323
915	0.005234178368908309
916	0.004990331030825326
917	0.005450703377999543
918	0.00555108349456575
919	0.005431265414674064
920	0.005013879269886227
921	0.005240898652862523
922	0.005138519163122572
923	0.004705176384343995
924	0.004764207129710798
925	0.004976878696581326
926	0.005244247312330089
927	0.004712438208809754
928	0.0049608594918877594
929	0.005099321251956885
930	0.005141363896601129
931	0.004926469771824867
932	0.005114172818482107
933	0.005321648310201817
934	0.004880217243001217
935	0.004801624619269717
936	0.004940243634940229
937	0.004931672264992428
938	0.005145921894877563
939	0.004934943502911812
940	0.004911042202386369
941	0.004814991580786023
942	0.004937592067719573
943	0.005045286725123555
944	0.0051465142632504636
945	0.004837811078824123
946	0.00544546192778172
947	0.00548552532373018
948	0.004956817881141339
949	0.005364044419111171
950	0.004779438732904771
951	0.0048768557778255135
952	0.004915828372029171
953	0.0053686128281404556
954	0.005117631488359673
955	0.005112344173387528
956	0.005115035834655882
957	0.005247578589370828
958	0.0053704465546696965
959	0.005215352475036775
960	0.005102961507089438
961	0.005217199363268398
962	0.005006842009228698
963	0.004963876978441708
964	0.0049909696968624614
965	0.005037219830256807
966	0.00517230192485976
967	0.005040714754911663
968	0.004945499454202477
969	0.004803492088009383
970	0.004980795112091502
971	0.004992601498968832
972	0.005277831918332907
973	0.004913563049830254
974	0.004923974516063815
975	0.005175740470912893
976	0.005025332783449241
977	0.004723625113929487
978	0.004819814336029689
979	0.005431117220723289
980	0.005157073416650907
981	0.004913465507147539
982	0.0052253770100931995
983	0.0050039252408946985
984	0.00517831510156121
985	0.005025597094423858
986	0.004924206271521029
987	0.00479976829592767
988	0.0047300370114768415
989	0.004970673774675588
990	0.005246156508010368
991	0.005115289527619934
992	0.004938504430936642
993	0.005250856822020802
994	0.005028123817095557
995	0.0051113878081602325
996	0.004991082233117369
997	0.005111095918381227
998	0.005251775791875819
999	0.005106433161392829
1000	0.004845674900686146
